17
-1 18 29 40 51 62 73 84 95 16 27 38 49 50 61 72 83
21 -1 34 45 56 67 78 89 91 12 23 34 45 56 67 78 89
13 24 -1 36 47 58 69 70 81 92 13 24 35 46 57 68 79
15 26 37 -1 48 59 60 71 82 93 14 25 36 47 58 69 70
17 28 39 40 -1 51 62 73 84 95 26 37 48 59 60 71 82
19 30 41 52 63 -1 74 85 96 27 38 49 50 61 72 83 94
21 32 43 54 65 76 -1 87 98 29 40 51 62 73 84 95 16
23 34 45 56 67 78 89 -1 91 32 43 54 65 76 87 98 19
25 36 47 58 69 70 81 92 -1 34 45 56 67 78 89 91 12
27 38 49 50 61 72 83 94 15 -1 35 46 57 68 79 80 91
29 40 51 62 73 84 95 16 27 38 -1 37 48 59 60 71 82
31 42 53 64 75 86 97 18 29 40 51 -1 39 50 61 72 83
33 44 55 66 77 88 99 21 32 43 54 65 -1 41 52 63 74
35 46 57 68 79 80 91 22 33 44 55 66 77 -1 43 54 65
37 48 59 60 71 82 93 24 35 46 57 68 79 80 -1 45 56
39 50 61 72 83 94 15 26 37 48 59 60 71 82 93 -1 47
41 52 63 74 85 96 17 28 39 50 61 72 83 94 15 26 -1
