21
-1 97 85 53 42 10 80 87 30 58 17 71 54 33 12 32 20 28 9 82 97
76 -1 16 60 62 89 94 51 83 100 28 74 100 79 98 12 42 48 14 90 36
39 65 -1 98 45 61 32 10 26 39 91 6 18 8 19 31 76 44 6 21 86
10 17 68 -1 82 64 55 21 50 23 23 87 96 37 34 98 65 38 81 36 84
71 17 81 1 -1 93 72 68 87 28 34 94 40 71 88 17 45 98 56 45 53
48 73 93 26 51 -1 76 97 38 73 2 20 86 81 42 26 73 71 68 34 43
48 5 99 97 99 22 -1 73 75 23 98 61 81 14 83 84 77 75 44 22 5
76 25 98 21 60 91 28 -1 73 57 30 46 40 69 85 6 67 21 70 46 21
15 62 45 31 29 54 22 20 -1 25 76 35 81 2 97 66 89 93 12 78 21
6 55 31 13 41 20 12 8 82 -1 31 90 69 99 14 89 44 75 10 16 34
59 43 44 82 45 82 82 6 99 93 -1 79 24 18 4 33 97 87 60 98 32
49 76 46 26 67 3 80 84 75 81 20 -1 19 33 42 82 46 22 64 83 18
57 84 47 27 42 4 67 92 16 57 77 71 -1 7 6 1 76 7 2 91 64
85 12 99 56 33 37 8 72 96 50 18 21 23 -1 10 21 98 87 92 96 53
52 26 12 12 30 75 82 82 15 19 52 95 21 89 -1 2 14 51 21 93 12
64 50 59 100 9 56 38 78 30 10 62 80 70 50 45 -1 74 18 2 18 51
37 42 13 94 3 37 24 78 29 29 46 85 45 50 91 24 -1 81 94 90 23
95 40 51 42 62 31 37 47 54 65 9 4 22 80 20 29 49 -1 28 55 18
89 15 1 28 43 45 10 47 80 58 90 14 75 9 46 40 41 97 -1 9 8
55 20 43 85 45 4 50 48 4 46 54 94 5 92 12 73 5 53 19 -1 75
32 54 45 32 50 81 58 26 83 59 55 54 93 86 32 59 24 91 47 79 -1
