22
-1 12 23 30 18 22 27 15 19 31 25 20 21 26 17 18 29 24 16 28 19 23
14 -1 34 16 25 27 18 30 20 17 22 26 29 10 33 31 18 15 28 12 24 19
27 15 -1 13 18 21 28 20 25 30 14 24 32 22 29 17 23 11 33 27 16 26
18 25 13 -1 27 30 16 19 23 29 15 21 26 17 20 24 31 14 22 18 27 32
15 29 16 24 -1 22 19 28 14 23 27 20 26 18 21 25 12 30 17 20 15 16
24 19 27 15 32 -1 26 13 18 22 17 29 16 20 14 24 21 15 30 13 28 19
21 28 20 14 27 30 -1 15 24 19 16 17 25 31 22 14 29 16 13 21 28 26
22 15 32 23 18 16 27 -1 31 21 25 19 20 22 30 12 17 24 18 29 11 28
23 14 27 19 25 20 30 17 -1 18 21 29 16 15 24 31 28 13 20 27 16 32
29 16 19 23 18 28 24 25 20 -1 27 13 22 19 15 14 27 20 31 16 22 15
21 20 15 18 27 16 24 21 23 18 -1 27 12 19 17 29 13 20 28 21 15 22
27 18 29 25 16 22 23 17 19 31 21 -1 14 30 18 27 24 13 22 15 18 21
20 28 23 14 21 18 24 29 13 25 14 17 -1 22 27 16 29 21 14 13 28 19
31 15 17 24 18 23 15 22 30 21 13 18 29 -1 19 24 16 21 25 13 20 17
26 21 22 17 30 19 13 28 24 16 19 21 14 25 -1 16 23 20 12 18 31 15
17 23 19 21 15 30 22 12 16 28 26 17 21 13 27 -1 25 19 14 13 18 23
15 20 14 24 13 22 29 16 18 13 24 31 28 19 14 27 -1 22 16 25 17 18
28 24 16 17 19 18 30 21 13 27 15 16 19 12 23 29 20 -1 28 14 17 22
18 19 21 15 29 16 13 30 25 14 19 13 22 23 15 27 12 29 -1 20 31 24
20 22 14 28 15 13 24 25 21 29 15 18 17 23 16 14 31 21 18 -1 17 22
24 13 20 18 31 21 27 19 22 16 30 17 14 28 20 15 13 19 24 16 -1 15
18 28 22 15 27 19 31 23 14 22 16 18 20 13 29 27 15 21 17 14 22 -1
