16
-1 61 26 39 13 21 48 43 13 12 91 90 53 2 27 55
38 -1 42 92 77 84 6 97 1 20 99 81 35 29 2 7
17 8 -1 36 36 60 44 61 48 81 91 2 55 77 98 14
95 13 34 -1 17 32 93 40 16 32 21 95 34 78 10 34
2 11 87 6 -1 96 94 23 44 93 12 81 76 68 37 42
58 98 84 84 29 -1 63 32 64 25 3 70 96 48 40 17
44 31 15 94 43 65 -1 42 29 38 54 97 7 24 42 83
91 36 42 42 75 3 73 -1 67 73 97 11 95 47 59 94
4 56 30 48 36 51 32 85 -1 99 16 78 52 47 45 72
37 89 45 93 51 84 85 20 36 -1 67 53 20 84 71 93
41 78 8 100 87 99 94 56 82 32 -1 56 4 98 60 43
48 40 77 67 96 53 14 94 87 88 9 -1 39 71 94 17
85 10 84 71 22 5 25 44 59 84 58 24 -1 88 83 74
27 68 82 58 42 6 43 31 50 66 38 96 79 -1 13 75
85 96 53 64 73 46 92 74 92 85 59 13 10 67 -1 63
74 79 58 44 23 74 69 15 77 33 24 57 27 73 54 -1
