24
-1 23 15 18 21 19 27 20 22 31 25 29 26 17 28 14 18 29 24 16 28 19 23 31
14 -1 21 27 16 23 19 28 30 17 22 26 29 10 33 31 18 15 28 12 24 19 32 18
27 15 -1 23 18 25 28 16 25 19 23 20 17 12 29 15 13 24 31 27 23 15 28 29
18 25 13 -1 27 16 19 23 22 29 25 18 26 22 20 24 13 14 18 27 32 21 19 28
15 29 16 24 -1 12 19 28 18 25 27 20 26 18 17 22 24 14 21 29 19 22 31 30
19 16 28 25 17 24 -1 27 21 20 16 18 22 30 12 25 29 28 17 14 23 22 31 27
24 28 19 16 23 31 18 -1 25 13 22 17 30 14 18 28 27 23 16 22 26 30 19 19
20 19 21 17 26 14 28 12 -1 22 31 30 21 16 24 25 28 15 29 16 23 22 28 29
17 18 13 21 25 16 24 22 27 -1 14 17 18 19 27 31 23 21 25 19 13 20 29 22
23 22 25 18 17 18 14 27 25 28 -1 24 31 21 12 16 30 17 25 26 19 21 30 13
14 16 27 18 23 25 18 28 22 20 18 -1 22 24 16 27 13 31 14 25 12 28 22 17
26 20 17 23 18 31 29 14 28 19 30 18 -1 24 23 29 21 28 22 18 30 27 19 21
22 17 24 21 25 16 20 27 12 15 24 13 19 -1 29 23 28 30 21 22 16 25 30 24
21 14 18 27 24 19 25 22 28 16 13 22 16 25 -1 28 12 20 29 26 28 21 17 31
20 18 16 24 29 21 14 26 21 30 17 25 18 22 28 -1 25 29 31 22 24 15 28 23
29 15 13 19 28 22 14 24 21 20 29 13 14 25 20 28 -1 19 30 16 26 18 24 18
16 15 21 20 27 28 29 27 21 30 12 31 30 17 29 14 18 19 -1 21 27 24 25 12
19 22 14 26 19 20 22 19 21 23 16 25 28 28 29 28 25 13 31 -1 18 30 15 24
24 31 23 19 20 17 26 14 25 27 22 24 19 22 28 16 23 28 16 25 -1 28 17 18
23 27 30 27 17 21 14 25 16 21 13 28 16 15 18 17 14 22 18 23 31 28 -1 12
